3.121658646162649688e+02 3.196054662903003987e+02 6.139601607580501552e-01 1.357453817785577999e-01 2.818630946153787287e-01 2.845366991355712250e-01 1.446419530074526463e-02 1.127024328639570777e-01
3.128456564824133466e+02 3.188308902830873421e+02 7.156448703257958233e-01 6.239609341680794202e-02 2.865715227210061111e-01 2.891518235827271743e-01 1.362057108557919796e-02 1.284783066498427218e-01
3.160248068054743840e+02 3.213779980303742718e+02 6.230081434526941742e-01 6.957745267274793866e-02 2.613532024604342530e-01 3.104666728900232209e-01 1.330696706146435385e-02 1.091025904345393621e-01
3.116767519605160714e+02 3.226587471890134111e+02 6.879013071642404720e-01 1.038592368865466076e-01 2.307883286098802722e-01 3.191280414622893469e-01 1.124021543967326439e-02 1.155269161232911762e-01
3.135111077067952010e+02 3.198347632506746550e+02 6.768328772765643819e-01 7.238124055623150477e-02 2.670073378728177182e-01 2.881352050074320603e-01 1.427011565960583511e-02 1.032309521517552342e-01
3.112804334510395279e+02 3.220097744161731157e+02 6.009318015400147983e-01 1.486894778365354663e-01 3.297289498917950201e-01 2.924683422023623969e-01 1.222506723313231992e-02 1.053598316535610396e-01
3.123362523832728925e+02 3.181457401924889723e+02 5.805978681910854977e-01 1.303836066238881208e-01 3.057952849154128017e-01 3.118386774197172695e-01 1.026752518874137279e-02 1.245840365487267815e-01
3.112019574071135253e+02 3.205582735189919958e+02 6.338910141999399839e-01 7.662699674801656813e-02 2.337089605132512404e-01 3.123880573903858315e-01 1.568823216524610140e-02 1.266224514582499905e-01
3.150348701721781026e+02 3.210176639571301394e+02 7.134622357781796875e-01 1.011673414834203255e-01 2.535311017419970003e-01 2.804176015577948267e-01 1.291982853654253909e-02 1.226013362544616792e-01
3.120481245023522092e+02 3.194356288770268861e+02 6.857386041036429569e-01 1.180307064749589879e-01 2.894099934917435113e-01 2.919910799118485278e-01 1.109758368896857431e-02 1.012267835370291857e-01
3.136247245678533773e+02 3.176811313659680422e+02 7.310868075543577316e-01 1.450015517513056351e-01 2.356950360579655457e-01 2.984077889631474578e-01 1.249141637219558162e-02 1.119293787200376505e-01
3.115618424877301322e+02 3.200976431558541435e+02 7.505373720282716432e-01 7.796944209294895400e-02 3.243643413226681704e-01 2.962279322037508211e-01 1.018416529243067366e-02 1.216204607629206291e-01
3.166195413179707430e+02 3.208693277437860161e+02 5.866857534122116302e-01 1.277806749584952661e-01 3.201896028577654318e-01 2.942932469639575888e-01 1.175216768932536328e-02 1.003817720341678016e-01
3.146983040697122078e+02 3.184348996773646832e+02 6.594675160308850481e-01 1.382920059603259810e-01 3.154963240131907209e-01 2.930561215597838887e-01 1.101053777986712653e-02 1.027080398402103190e-01
3.155007404782015215e+02 3.214625480688566768e+02 6.364724460048263310e-01 8.759310487893456898e-02 2.683734657299432502e-01 2.952868124663157734e-01 1.587285639416792515e-02 1.275213932217946766e-01
3.131421594508757380e+02 3.174221984743826397e+02 6.979176353335405647e-01 1.085040399535439071e-01 3.015547727304404013e-01 2.838951250393859094e-01 1.308710316022451692e-02 1.063416512007948900e-01
3.148037431827802948e+02 3.173503831541530076e+02 7.227077653089294396e-01 9.472862163122743040e-02 2.851181680444998534e-01 3.156639533568924572e-01 1.533739499361157221e-02 1.068661471541509367e-01
3.131602711721612309e+02 3.217371866886608132e+02 7.353974551369372170e-01 6.385731449430762097e-02 2.727083535675411952e-01 3.033656152918138282e-01 1.465582568799223689e-02 1.393278722029511196e-01
3.125348930881962701e+02 3.225839736685420576e+02 6.149115160068837627e-01 9.665958145933536971e-02 3.266121747302573319e-01 2.850510436863016306e-01 1.067482710735664052e-02 1.165274827971648219e-01
3.138098360967309759e+02 3.220799399424503804e+02 5.935131405210871680e-01 7.359564841368486376e-02 2.953022568898840960e-01 2.875323311299302076e-01 1.037675524864170064e-02 1.378576962059099853e-01
3.151926001734774445e+02 3.229869405998538809e+02 6.576625831089929486e-01 1.217349701130243239e-01 2.823198142784426046e-01 3.042585177433411725e-01 1.055965278791625231e-02 1.307474827577817245e-01
3.141598886386045137e+02 3.186442841523765992e+02 6.664939432344657577e-01 6.840821495409496467e-02 2.454266450931481547e-01 3.067669618659968345e-01 1.142896269249488519e-02 1.173800879345068687e-01
3.165162118030130500e+02 3.224214368941024986e+02 7.462614876146724807e-01 1.104506709269919562e-01 2.638721481961570636e-01 3.130278439654390898e-01 1.150027927937980095e-02 1.179577460588211585e-01
3.153484305523308535e+02 3.197071252637674661e+02 6.519486048221002639e-01 9.778310822696299753e-02 2.971524650696807934e-01 3.084514640019109244e-01 1.080352642811595841e-02 1.326335871214937012e-01
3.130099701951730822e+02 3.183005014692145096e+02 6.498198534212423771e-01 1.404618989216564473e-01 2.481777491828140170e-01 2.948524481991280366e-01 1.523723619039149199e-02 1.372323821011195988e-01
3.158001892553940024e+02 3.211671198489339076e+02 6.930273102951163278e-01 7.948767872167580850e-02 2.786512326873202827e-01 2.811999819069672668e-01 1.433988921593657567e-02 1.084274007694474712e-01
3.110840572112459199e+02 3.222752083056507217e+02 7.596153893718042838e-01 1.160684603132149939e-01 2.579745581896036311e-01 3.054991763204348287e-01 1.339409398670832890e-02 1.316567727318645187e-01
3.149531950154369042e+02 3.192078057795783934e+02 7.273560090688728774e-01 1.256886094940194987e-01 2.364760615377706487e-01 3.025089825784023079e-01 1.499598231240512405e-02 1.074855830062050599e-01
3.138832395778702562e+02 3.223422887950566746e+02 7.402285182647272421e-01 9.249639799683713470e-02 2.656382445441160534e-01 3.061273950914072950e-01 1.408559051638269208e-02 1.234509754895363048e-01
3.162143373343136545e+02 3.208106931566647972e+02 6.385487265044884619e-01 5.921715118695144997e-02 2.403295084958730343e-01 3.000352644956801318e-01 1.214634906829472824e-02 1.104014943665975190e-01
3.126587752412149825e+02 3.191105336747706929e+02 7.451926700767232958e-01 1.120767841361146322e-01 3.168914310253024835e-01 3.017898386787672416e-01 1.233404363430006673e-02 1.388365546658546223e-01
3.162899847399924624e+02 3.187143342870106153e+02 5.840614363700985523e-01 6.587296164821410116e-02 3.072395792624459387e-01 3.103625676050809079e-01 1.266701665432416399e-02 1.198353624086122005e-01
3.152778346758004773e+02 3.178152277998872250e+02 6.038776181992003833e-01 8.117285856654374299e-02 3.109063684824996954e-01 2.862711217797908603e-01 1.278242173830127122e-02 1.208805458671923655e-01
3.161360620125379910e+02 3.212651236998103172e+02 6.073397604027874763e-01 1.533495413530315266e-01 2.518132741971574329e-01 3.139132297838453933e-01 1.594829764537675568e-02 1.256266687675440252e-01
3.145709303829090118e+02 3.199007213424307565e+02 6.260862007966381260e-01 1.138359345422599450e-01 2.398052433400717220e-01 3.166328210342239657e-01 1.253371306756664340e-02 1.356292765702583059e-01
3.122163417596041199e+02 3.203933213823553388e+02 6.209440383677676811e-01 1.061393001003800990e-01 2.558269513524434879e-01 3.078216065223137177e-01 1.541304164795237464e-02 1.365936339056670057e-01
3.117911630305220569e+02 3.193511601415168002e+02 5.777151263704645157e-01 1.439363242945258525e-01 2.475653285471146881e-01 2.997776878598623074e-01 1.381056533305281137e-02 1.292784379213269275e-01
3.143525085191440667e+02 3.216049782650945303e+02 6.736166916504136015e-01 8.365157639176445947e-02 2.981874864566469441e-01 2.824203324418743111e-01 1.407441273487311517e-02 1.341033867530937729e-01
3.140682575162584840e+02 3.227880555425891203e+02 6.994878871196368308e-01 9.902300070074243621e-02 2.916636341783859221e-01 3.197773479771069960e-01 1.560314226628100806e-02 1.188420432681277783e-01
3.119508742602565121e+02 3.185494695034444703e+02 7.020903993994296322e-01 1.235323117135204568e-01 2.710694852636187369e-01 2.978964110061965709e-01 1.391245641949388767e-02 1.303944492127160348e-01
3.113711364191219673e+02 3.171047906645628700e+02 5.708335064526084413e-01 9.097905338795941876e-02 3.096570177320526751e-01 2.971420342439366480e-01 1.507773738810685993e-02 1.255007681568194033e-01
3.157310373033448059e+02 3.206080657294488105e+02 6.438504769952307916e-01 5.718061493243565413e-02 2.431434337695333459e-01 2.899563744992749159e-01 1.167911219056426073e-02 1.201500188662155133e-01
3.133321623318659590e+02 3.201577776136871307e+02 7.698743885724107505e-01 1.199554997722203364e-01 2.748470300152767165e-01 3.015674642171740638e-01 1.089658335535257511e-02 1.131230084619265219e-01
3.166441182944857360e+02 3.178551897890030205e+02 5.958452751431485561e-01 1.511068890874932569e-01 3.039935603498704064e-01 3.183650142098234381e-01 1.468353594398566497e-02 1.141917642354626644e-01
3.169017956794641577e+02 3.218958301303528629e+02 7.560917164321614425e-01 1.344518748456746127e-01 3.137045681941685871e-01 2.870917334695912149e-01 1.196907015006977611e-02 1.351234338956300296e-01
3.126929501310840465e+02 3.172257027845872699e+02 7.205637637825195174e-01 1.508416038440581475e-01 3.198698833946100883e-01 3.174407179599580409e-01 1.490619770225450925e-02 1.335514848125936571e-01
3.168202929542136417e+02 3.202663678876043605e+02 6.636573409678955260e-01 8.568549153830984366e-02 2.593940879716927772e-01 3.146173436503771903e-01 1.002111039039069694e-02 1.017156932336186342e-01
3.137000872820971153e+02 3.189747538621891181e+02 6.781730861395174337e-01 1.324308486038895671e-01 2.934407692633159703e-01 2.905536436383100440e-01 1.350363213221302677e-02 1.041099447826982077e-01
3.155994741864002435e+02 3.175714447550685691e+02 7.632008558988004898e-01 1.422199294179884443e-01 2.770074733616428864e-01 3.094792013362580030e-01 1.190154417123759530e-02 1.146724499457457275e-01
3.144204970528056151e+02 3.179802406361883982e+02 7.066104122089856832e-01 5.594293832432364888e-02 3.224081542992929816e-01 2.822839372638614730e-01 1.321326933420554142e-02 1.099166649925831379e-01
