1.042500000000000000e+02 1.138065945318995773e+02 1.051510096810751094e+02 1.076068445142993966e+02 1.015153268536092668e+02 1.034485100626661165e+02 6.990655042786551121e+01 5.548176230645628237e+01 7.308646377299359642e+01 5.176837238918584916e+01 5.355467944255976676e+01 6.692610943225578524e+01
1.138065945318995773e+02 1.589298408532441442e+02 1.123264490225064378e+02 1.176037400377945659e+02 1.152519150644269246e+02 1.142777497217324481e+02 7.323848958524554575e+01 5.972042233164145131e+01 8.060161528877007697e+01 5.766327321398345163e+01 6.048688649185418598e+01 7.758931861956970977e+01
1.051510096810751094e+02 1.123264490225064378e+02 1.398131008557310224e+02 1.109635246129125647e+02 1.035367447783716983e+02 1.073120501852448996e+02 1.046525697157094896e+02 7.491112325473831390e+01 7.580557273564373588e+01 6.917212070160501014e+01 5.672171227958171613e+01 6.847747610755018854e+01
1.076068445142993966e+02 1.176037400377945659e+02 1.109635246129125647e+02 1.461729275459871928e+02 1.071093588851195335e+02 1.077680241462217055e+02 7.491112325473831390e+01 7.580557273564375009e+01 1.111484860467948153e+02 5.672171227958172324e+01 7.319015904629087288e+01 7.053592727033222332e+01
1.015153268536092668e+02 1.152519150644269246e+02 1.035367447783716983e+02 1.071093588851195335e+02 1.338522188645115705e+02 1.000967584184268304e+02 6.917212070160501014e+01 5.672171227958172324e+01 7.319015904629085867e+01 6.847747610755018854e+01 7.053592727033222332e+01 1.000677997496698453e+02
1.034485100626661165e+02 1.142777497217324481e+02 1.073120501852448996e+02 1.077680241462217055e+02 1.000967584184268304e+02 1.369397570760131089e+02 7.269391315639214213e+01 5.664810125174488320e+01 7.298999421568868229e+01 5.256806130003879929e+01 5.311880683749863152e+01 6.607547523425611757e+01
6.990655042786551121e+01 7.323848958524554575e+01 1.046525697157094896e+02 7.491112325473831390e+01 6.917212070160501014e+01 7.269391315639214213e+01 8.367300330184919233e+01 5.660869783977371128e+01 5.136165442702108663e+01 5.199456903071708780e+01 3.873511627771218713e+01 4.589079047433017422e+01
5.548176230645628237e+01 5.972042233164145131e+01 7.491112325473831390e+01 7.580557273564375009e+01 5.672171227958172324e+01 5.664810125174488320e+01 5.660869783977371128e+01 5.136165442702107953e+01 5.764613538325634323e+01 3.873511627771218713e+01 3.946212065463077323e+01 3.761254216129355399e+01
7.308646377299359642e+01 8.060161528877007697e+01 7.580557273564373588e+01 1.111484860467948153e+02 7.319015904629085867e+01 7.298999421568868229e+01 5.136165442702108663e+01 5.764613538325634323e+01 8.985730418157909583e+01 3.946212065463077323e+01 5.573781327844994848e+01 4.802701565985636734e+01
5.176837238918584916e+01 5.766327321398345163e+01 6.917212070160501014e+01 5.672171227958172324e+01 6.847747610755018854e+01 5.256806130003879929e+01 5.199456903071708780e+01 3.873511627771218713e+01 3.946212065463077323e+01 4.589079047433017422e+01 3.761254216129355399e+01 5.111634942695337713e+01
5.355467944255976676e+01 6.048688649185418598e+01 5.672171227958171613e+01 7.319015904629087288e+01 7.053592727033222332e+01 5.311880683749863152e+01 3.873511627771218713e+01 3.946212065463077323e+01 5.573781327844994848e+01 3.761254216129355399e+01 4.802701565985637444e+01 5.247859361217983576e+01
6.692610943225578524e+01 7.758931861956970977e+01 6.847747610755018854e+01 7.053592727033222332e+01 1.000677997496698453e+02 6.607547523425611757e+01 4.589079047433017422e+01 3.761254216129355399e+01 4.802701565985636734e+01 5.111634942695337713e+01 5.247859361217983576e+01 8.011274447433409307e+01
