1.594976159518499470e+00 4.111782954943950519e-01 2.441364477733991012e-01 3.104507149753545359e-01 8.955485240446095507e-02
1.354807136701937420e+00 6.008273292528383269e-01 7.045675768067061195e-02 2.869529539467052803e-01 1.024889695524235644e-01
1.461050875932445203e+00 7.467837806840689208e-01 1.334410580612167274e-01 2.882348129852749241e-01 9.106512152545157002e-02
2.571472927475050518e+00 3.950616010874849482e-01 9.486727995592145191e-02 3.046737262206397068e-01 8.861320832491195731e-02
2.106997459667734329e+00 5.943993666637307216e-01 1.652819011096746671e-01 2.817009882496092632e-01 9.746430137741568522e-02
1.481342985558756542e+00 7.175793293571157694e-01 2.523070359752594971e-01 2.861640662648460287e-01 1.094556858169914437e-01
1.605970661947211831e+00 4.243847028913347308e-01 1.204147342213610639e-01 3.132225237121470940e-01 1.137152030888485821e-01
2.025099355837166826e+00 5.293699009729500027e-01 7.812147149812062596e-02 3.080209259619466899e-01 9.842475253490487463e-02
1.371977273384489049e+00 4.271329059682233420e-01 1.266232682822677758e-01 2.963207740939676760e-01 1.003234867162878519e-01
9.944355865843963471e-01 7.329386323329016850e-01 2.530038912540752416e-01 3.123209093956072491e-01 9.306887491629516063e-02
1.082008300110846255e+00 6.712798138222419997e-01 1.409703916229665954e-01 2.803108534131047436e-01 1.133504943210240229e-01
1.941398443634653415e+00 4.501606855451752986e-01 1.753046120551950970e-01 3.098348885952414977e-01 9.407628964732818455e-02
2.159474310583960666e+00 4.162468708023077113e-01 1.683367766478953143e-01 2.864677199443220190e-01 1.055587083138953275e-01
1.733274343305968301e+00 5.486132169844789574e-01 1.352776689293698764e-01 2.928078445699915378e-01 1.062669008694787642e-01
1.967641351909566128e+00 7.269878450661069191e-01 1.508070354710620564e-01 2.792300774155389576e-01 1.101450912231976553e-01
2.324717925141873032e+00 7.752224332021645514e-01 1.907590514906337131e-01 2.824458722055790960e-01 1.125353471663795013e-01
2.450094775130310598e+00 4.426408339180387119e-01 1.526812396045431619e-01 3.016017642199262383e-01 9.260302850098957317e-02
2.559228027891426116e+00 7.493088921161344951e-01 2.168553408962264895e-01 2.971586210943145123e-01 1.071616259351285128e-01
1.535550711634118048e+00 5.529297056988436987e-01 2.471481010308297088e-01 2.796077053930622891e-01 1.038102966626079232e-01
2.202980666896398265e+00 7.054568876702043134e-01 8.284029936896206148e-02 2.959881447325446446e-01 1.051594605428552986e-01
1.008093512298401828e+00 7.670936514970021491e-01 2.668378249804314595e-01 3.023536452392830420e-01 9.648207075905242125e-02
2.410854638740615563e+00 4.341039255842525368e-01 2.280237721409185681e-01 2.859541768542693263e-01 9.677538537395014018e-02
1.702763976561586512e+00 5.752063453712666918e-01 1.197034997042582816e-01 3.029116738183111890e-01 1.112069589841637313e-01
2.587768591529513440e+00 5.419128051447608119e-01 1.462022618468100388e-01 2.958651874970614215e-01 8.825156919640093911e-02
2.010491599840233512e+00 4.441803709861544269e-01 1.943114438798578258e-01 2.900577113662402007e-01 9.628105812098379512e-02
2.635617973738273889e+00 6.414032483038540899e-01 2.590619496818951095e-01 2.904667041606354694e-01 1.079419160034731096e-01
2.400014854048071911e+00 4.854765294005528586e-01 2.071413457676994641e-01 3.014114110124834212e-01 9.521764714069488877e-02
1.669909656988066704e+00 5.786467151729701719e-01 2.579432807322367127e-01 3.074199771798243885e-01 1.117736310587659210e-01
2.317578911289234878e+00 5.370202959059786618e-01 2.296724596898589155e-01 2.875015148641458240e-01 9.394444246986453917e-02
2.752281372692816142e+00 4.950802438456151644e-01 2.240329829394143157e-01 3.159825338073261047e-01 8.857453528473074877e-02
1.129702512631080458e+00 6.221211915862063790e-01 1.961737603612513925e-01 2.907843133708463146e-01 1.082805033221822394e-01
1.170495823019854553e+00 7.542092615142319545e-01 6.941284340846309853e-02 3.082274498640713012e-01 9.137684026827597172e-02
2.764099535469801694e+00 7.345483857072048206e-01 1.235467451816885109e-01 2.984552070591798278e-01 9.572680386812480735e-02
2.300840667446653054e+00 6.466189340169643529e-01 2.085626785400875038e-01 2.938983936691645926e-01 9.878615613072894153e-02
2.337881848793269324e+00 4.524422710913850176e-01 8.781877826145510768e-02 3.162154411326835723e-01 9.515221058023470846e-02
2.269611229838472077e+00 4.807358122580559501e-01 2.656267440098147303e-01 2.877453794534622911e-01 1.017806498914521768e-01
1.639683116808348995e+00 7.028258289028833650e-01 1.164358475034465296e-01 3.149763377140247234e-01 9.941635539752738393e-02
2.656118222609652246e+00 6.448968986893611754e-01 2.637103952622470437e-01 2.810546946530819157e-01 9.587855319245540409e-02
1.184368682621442126e+00 7.213420886333450355e-01 1.662855882013865583e-01 2.975728085218452001e-01 1.033032927111222771e-01
2.221082957215642750e+00 7.915399352810210676e-01 6.753225916851991750e-02 3.092387830079137978e-01 8.690451456232736738e-02
1.334772688244489025e+00 6.078784819005260687e-01 2.069273766044889273e-01 3.143199578176514297e-01 8.819483410095023401e-02
1.045436120699440030e+00 6.094618226693666596e-01 1.775027908237451491e-01 3.152063449037623144e-01 9.465807837174103345e-02
2.116335465604757715e+00 4.698575307157550895e-01 2.246105374417046163e-01 2.841976499452992799e-01 9.167744353908365007e-02
2.122897293331070134e+00 5.654155452899161105e-01 1.285071001798481216e-01 2.891983176667139444e-01 9.069868584037686643e-02
1.689914457644699830e+00 6.375073165639997264e-01 7.528451873965748276e-02 3.007684946983313901e-01 1.138331991225502576e-01
2.021312672634994811e+00 4.690090870230190223e-01 8.855276154870291017e-02 3.138641610989010289e-01 1.110137013077648199e-01
1.771448306851847843e+00 4.394830901800638179e-01 9.278746898119684394e-02 2.797616551597481016e-01 8.523054991849746131e-02
1.715859007206459896e+00 4.600171495026703639e-01 1.683036738376843533e-01 3.050171789422259083e-01 9.558370785579048401e-02
2.643372389016109825e+00 7.848985878734300314e-01 2.566956071639730497e-01 2.835235243429265473e-01 9.731662839445291702e-02
2.149410601432745427e+00 4.173006686866506110e-01 1.344838269335363046e-01 2.986661449600184204e-01 9.680042207167230406e-02
2.040745928216025185e+00 4.666913652362414400e-01 2.484669993724296644e-01 2.854624927133280754e-01 8.970352518720167700e-02
1.220032606618594917e+00 5.238220494596735888e-01 9.914136645853252605e-02 2.951273151259347638e-01 1.074741995471307776e-01
2.095017670707227442e+00 4.786581381260303636e-01 1.639800767657197400e-01 3.037743626815362363e-01 1.047411750118179552e-01
1.991328228927224497e+00 5.065254810648993633e-01 2.352982543632528012e-01 2.955185005986721847e-01 9.812217914266345431e-02
1.492878365708566690e+00 6.955575714435323631e-01 1.450944432280761864e-01 2.981055678638821482e-01 9.048031780136051028e-02
1.654241055793923776e+00 7.198799564400809592e-01 2.454524087756247142e-01 3.156960395423296650e-01 9.831119755668690785e-02
1.879553363426785584e+00 5.108980223524239861e-01 1.220071040390224570e-01 3.094432123921351252e-01 1.130550445060949372e-01
2.698145531598141744e+00 7.794514806281412911e-01 1.745556310806545275e-01 2.786618928533487471e-01 1.004338728619818127e-01
1.499881806032289377e+00 6.273142783214972207e-01 1.078695248742271295e-01 3.144210117236003188e-01 8.607064906807508631e-02
1.100159096626138311e+00 6.805764308272590490e-01 1.490763274888246004e-01 3.166529389405327577e-01 8.912266746852290367e-02
2.623942842544868537e+00 7.873900258845273337e-01 1.824220865940712755e-01 2.964695273572754419e-01 8.548465898214906156e-02
2.245524947302219410e+00 4.039616761893396468e-01 1.910357328907168473e-01 2.992463330984356795e-01 9.343862027749301469e-02
2.688287003667624742e+00 6.158291452792112874e-01 2.615951712914132976e-01 3.033579874623578143e-01 8.793928372755750733e-02
2.176758010785265096e+00 5.191575746149909021e-01 8.507201313201238901e-02 2.837324411727488727e-01 1.120355211881791102e-01
2.518928223153896973e+00 5.320109835534428955e-01 1.437655827238060735e-01 3.048088122942649303e-01 9.095671899964118123e-02
2.277920141104080809e+00 4.373050051674344796e-01 7.430813474578228106e-02 2.947526720791457389e-01 1.091022461407441385e-01
1.987330198518591828e+00 5.557764974999148677e-01 2.030163435525936255e-01 3.078226620784744183e-01 9.924346457205918126e-02
1.244074702541106525e+00 5.997433881715321657e-01 2.288521984652888697e-01 2.829489857921921314e-01 1.097605226632072523e-01
2.511685047501648338e+00 6.733684718925607715e-01 2.380926706193655651e-01 2.999763828756474848e-01 1.056588625228911532e-01
2.060875126673630486e+00 6.675713573954198399e-01 2.312071311785840189e-01 2.912644181673604837e-01 1.104068813354714268e-01
1.174172082280348306e+00 6.842418512658634544e-01 1.311679186427993637e-01 2.974426605969261450e-01 1.129528359943746535e-01
1.864114333436977855e+00 6.508841022889959582e-01 1.847973379917961789e-01 3.039626272014764874e-01 9.218210581224255129e-02
1.240990737792454279e+00 4.025929273760686655e-01 2.496774322796861123e-01 3.129711591411540317e-01 1.045343559920186710e-01
2.487701041716848582e+00 5.401057384626749558e-01 1.798107620399286288e-01 2.990266780930128099e-01 9.490557352995404594e-02
1.445579519943622770e+00 6.877537582168673502e-01 1.975888467071943710e-01 2.889647590027496493e-01 1.042147622845406990e-01
1.515842110724952896e+00 7.256026145614558054e-01 1.363684392654425093e-01 3.054544309226689958e-01 1.072355075845656397e-01
1.898362170466521004e+00 7.128167802324796298e-01 9.738639462062267937e-02 2.979673761810170407e-01 1.066689941289545446e-01
2.394736651331566435e+00 7.081748608727065353e-01 1.988166396536471814e-01 3.070163488920349959e-01 9.033179833899006306e-02
1.774546153728567388e+00 7.440161150005639712e-01 1.110021448824088236e-01 2.779911748856038756e-01 9.882744302206331044e-02
2.769123705813434366e+00 6.524381331156263730e-01 2.408420528033360375e-01 2.781957037435373592e-01 1.106276351596903462e-01
1.098460916698976941e+00 5.013316108457163134e-01 1.178462728530006165e-01 3.100884103765870203e-01 1.026804369941602679e-01
1.650527452278530482e+00 5.956701066194921568e-01 1.894465898535972748e-01 2.790603500355993138e-01 1.048187893545125676e-01
1.279104209548827864e+00 6.183725613705703950e-01 1.610681523972010698e-01 3.021734582552179083e-01 8.433232576961328941e-02
1.435683817127469286e+00 4.221689767531405790e-01 8.388676672902249665e-02 2.918975427715865267e-01 1.013199255446682739e-01
1.296874116062223248e+00 4.305822150886002286e-01 2.162079639365340755e-01 3.073453015771455687e-01 1.031930798829837487e-01
1.681716896711189069e+00 7.516915178738627912e-01 1.780767477982689584e-01 3.087944260592752621e-01 1.053766158820549914e-01
2.607952940239424588e+00 5.863553257313719458e-01 9.814502012429447697e-02 3.119600491828256050e-01 8.483217760835627674e-02
2.479530090181129687e+00 6.332422693012602632e-01 9.179421884023948597e-02 3.063104534728541828e-01 8.924732383652803080e-02
2.440524482481277069e+00 4.906146146456192292e-01 7.668793901409531877e-02 2.968053577434131007e-01 8.455558766761682443e-02
1.318686776324753174e+00 7.694764987647532140e-01 8.618437363904427051e-02 2.783604475317082994e-01 9.326270366767008824e-02
2.673463190943253132e+00 4.760109941004139200e-01 2.371537114655082601e-01 2.800370081589892424e-01 8.899284786874016306e-02
2.668786780640253209e+00 7.109604370921001060e-01 1.570462049448750064e-01 3.005970721430311632e-01 1.040709775539048615e-01
1.571681769730149725e+00 6.902955598933735448e-01 2.463115036751450104e-01 2.996721876817515784e-01 8.624481467287564707e-02
1.074477880710446476e+00 7.392163585168195494e-01 2.626701631443239537e-01 2.820946991901382983e-01 8.470965346138446816e-02
1.845970991613281154e+00 4.580342834541447639e-01 1.999944902247184075e-01 2.771282175128502723e-01 8.737375245967508863e-02
1.837530393146540320e+00 5.351483335754414483e-01 1.874406580531525757e-01 3.118447619399877246e-01 9.225639088904825924e-02
2.254853606347819284e+00 3.993663198827464567e-01 1.473462716197350697e-01 3.168288334699544961e-01 9.425376307997367087e-02
1.412469057094509983e+00 7.634882518101663296e-01 2.548103248022428047e-01 2.945261348972034732e-01 1.119676407734028489e-01
1.392692272125613417e+00 7.291793576052391090e-01 1.699761926272216062e-01 2.775888962839391239e-01 9.708210749033382991e-02
2.545010999660963780e+00 7.625217421466262691e-01 1.557125027287883379e-01 2.849288540612880394e-01 1.061306267866570785e-01
2.528010128708495063e+00 7.725024223690126757e-01 2.200698186107054033e-01 3.097925709012412931e-01 9.285370335318135493e-02
2.382124158723779583e+00 7.788753941938836300e-01 9.584458889574652696e-02 3.018148765859208771e-01 1.093034468360760680e-01
1.819011422644865483e+00 5.034311631853229940e-01 1.624734796166689144e-01 2.886598379325582275e-01 9.159993917579556388e-02
1.759052908877356325e+00 7.947167438344844292e-01 2.180362974537609078e-01 3.067035947328256018e-01 1.037202450352979477e-01
1.954314213371474374e+00 6.775676200124224335e-01 7.248641695111335270e-02 2.943257516220987857e-01 1.059048183913705032e-01
1.026306644682341229e+00 5.715548258135201287e-01 1.712271453952584621e-01 2.894917885183523887e-01 1.102041711155873904e-01
1.145048302977683008e+00 6.650617471189839147e-01 1.733628485444800305e-01 3.004614918749515251e-01 9.916128383843585137e-02
1.212076791713200707e+00 5.461730581342617574e-01 2.264001944713505687e-01 3.113210906588804172e-01 9.602941470332165830e-02
1.054143305102074324e+00 5.210786261962730981e-01 7.225277873036831111e-02 2.846523977224468260e-01 8.679898507194040713e-02
1.881135173606464317e+00 5.917369425226777224e-01 1.594792167616972400e-01 2.868120440937481086e-01 9.760223958653767296e-02
2.733285248423128699e+00 6.198708031708991539e-01 1.009302666248805547e-01 3.133196263341962440e-01 1.069855620519446077e-01
2.720014412127846448e+00 5.694963896186254759e-01 2.213426197441691334e-01 2.842207487079890238e-01 8.716901444038951952e-02
1.410444439863858479e+00 7.014712586277960238e-01 2.138905501599196735e-01 3.034845328652385210e-01 1.126315572150225347e-01
1.789989668307769399e+00 6.539451136675316079e-01 1.297625330449933556e-01 2.813453920508513506e-01 1.122273462788675458e-01
2.081630855120990553e+00 6.040886467564839934e-01 1.021614305749788676e-01 2.819382200598078980e-01 1.109653757362466242e-01
2.229199853250364072e+00 6.980083440348652246e-01 2.398260747227426160e-01 3.146077915187299734e-01 9.013961928644104171e-02
1.830346688326615290e+00 7.566476494469472902e-01 2.027210910383178966e-01 3.155853659398614730e-01 8.590983797059868754e-02
2.349828515085953029e+00 4.204517366207901619e-01 2.116363355475732455e-01 2.930540719105453329e-01 1.011116637121199785e-01
1.347651855303889423e+00 7.833758334380327426e-01 1.804740697230821089e-01 2.850667261218740034e-01 1.064035485180548218e-01
2.365521769010929809e+00 7.589284231727042584e-01 1.428475894007035785e-01 2.896948108982091430e-01 1.114055819095584876e-01
1.313161067157652795e+00 7.385367646469087610e-01 2.134278175044136694e-01 2.909579495386550585e-01 9.987478236604663273e-02
1.933612307729604129e+00 6.389208221132882670e-01 1.131718613012057673e-01 2.924893871999383888e-01 1.088275663716911645e-01
2.204003180911275450e+00 5.670360621371941523e-01 1.402417237601939481e-01 3.108455455124557454e-01 1.085754335443069596e-01
1.528203393602668214e+00 6.309316554315985703e-01 1.068833729505884733e-01 2.827999289486643475e-01 8.747941864128223888e-02
1.798291001515572418e+00 6.571658289999822156e-01 1.099169723984541880e-01 3.011214197454183394e-01 1.086113910135455968e-01
1.588872315995991880e+00 5.887719552564636416e-01 8.128443805464818928e-02 2.937118590407589713e-01 9.963761737597141843e-02
1.379843523404277850e+00 6.605533785169503957e-01 1.858959996860582997e-01 2.808781668345071703e-01 1.007058760222668825e-01
2.420780279871906693e+00 6.133837456986248604e-01 1.030208495797161339e-01 3.084670306039599685e-01 1.099996695898405596e-01
1.039062773144075358e+00 4.740710832488056470e-01 2.348444045054283724e-01 2.772905548387624708e-01 8.511493923295702924e-02
1.201072727367066939e+00 6.801104468233114542e-01 1.522153193474050092e-01 3.027202035693550286e-01 1.029191377574142086e-01
2.498766536741096722e+00 5.260958648172116003e-01 1.243968554079975530e-01 2.935195558393308701e-01 1.019247700367741372e-01
2.714161014300898511e+00 6.640533673568015383e-01 1.096007937290277012e-01 3.115059042075202234e-01 9.443876453423147299e-02
2.051463193785190153e+00 4.638826775042536599e-01 1.839451872568832469e-01 2.881989628312112695e-01 1.015334664392036346e-01
1.619170487187133300e+00 4.075493319777289125e-01 1.544422524435712374e-01 2.996411062812477377e-01 1.000244360726958021e-01
9.884646649673813901e-01 5.506180627284059659e-01 9.056428418253165136e-02 2.915503993519601988e-01 9.367849031751772360e-02
1.151972585778847646e+00 4.103734665902664669e-01 2.051261939841269866e-01 3.111061759756400535e-01 1.077115306657522725e-01
1.914035012379529332e+00 5.800723844817315955e-01 2.105767642783302196e-01 2.922390910500141104e-01 8.654129162026941158e-02
1.924072541429422856e+00 5.832767174417874401e-01 1.587457270745607496e-01 2.857783995956014733e-01 1.035767422045988650e-01
1.546647077613954480e+00 6.252363776635193604e-01 2.216935847552062022e-01 3.055341637078968775e-01 9.249203765901349572e-02
2.293829732176388969e+00 5.577376552783481767e-01 1.149705766383583017e-01 2.900986705892339423e-01 1.134977699244145016e-01
2.588373932019210510e+00 4.857163659481780194e-01 1.053819020031149661e-01 3.136947286993975181e-01 9.190560934337890786e-02
1.738971062091568598e+00 6.924692534670002786e-01 2.426931361939886345e-01 3.058994572106049081e-01 1.081935161455327143e-01
1.284522987280174444e+00 4.548895307329722804e-01 2.006609029920766452e-01 3.042527435861269169e-01 1.009135345442344345e-01
2.136313576998533748e+00 5.151201595956353962e-01 2.552017250986237107e-01 2.832166193205595262e-01 9.797158319788309977e-02
2.187255434217771466e+00 4.469858047761252062e-01 1.282517708918458066e-01 2.873608178726391738e-01 1.020686751975501128e-01
1.120763580646441993e+00 4.975626355088653141e-01 7.941568279858651769e-02 3.126258151428198406e-01 8.569162194384970233e-02
1.264769874167770869e+00 5.143018073445990712e-01 1.936139033794684050e-01 2.921695520191274209e-01 8.993065726011673089e-02
1.457229030108124324e+00 5.085658734342142218e-01 1.156130949649819273e-01 2.951981478173184015e-01 8.403208886353713547e-02
2.457359170871745491e+00 5.618342433173033612e-01 2.333637754013782595e-01 3.065093233293256225e-01 1.022985021284506246e-01
1.563015344256957651e+00 4.934286411897892410e-01 1.377546923273386126e-01 2.806872746101214400e-01 8.776564006314302446e-02
