1.732664807140827179e+02 1.581961670890450478e-01 6.972159009426831533e-02 7.876071359962224960e+01 3.055311079323291823e-01
1.767716930806636810e+02 1.581961670890450478e-01 6.972159009426831533e-02 7.876071359962224960e+01 3.055311079323291823e-01
1.732664807140827179e+02 1.549978445842862262e-01 6.972159009426831533e-02 7.876071359962224960e+01 3.055311079323291823e-01
1.732664807140827179e+02 1.581961670890450478e-01 7.164863474667072796e-02 7.876071359962224960e+01 3.055311079323291823e-01
1.732664807140827179e+02 1.581961670890450478e-01 6.972159009426831533e-02 8.865899179130792618e+01 3.055311079323291823e-01
1.732664807140827179e+02 1.581961670890450478e-01 6.972159009426831533e-02 7.876071359962224960e+01 3.101333101466298148e-01
1.732664807140827179e+02 1.549978445842862262e-01 7.164863474667072796e-02 8.865899179130792618e+01 3.101333101466298148e-01
1.767716930806636810e+02 1.581961670890450478e-01 7.164863474667072796e-02 8.865899179130792618e+01 3.101333101466298148e-01
1.767716930806636810e+02 1.549978445842862262e-01 6.972159009426831533e-02 8.865899179130792618e+01 3.101333101466298148e-01
1.767716930806636810e+02 1.549978445842862262e-01 7.164863474667072796e-02 7.876071359962224960e+01 3.101333101466298148e-01
1.767716930806636810e+02 1.549978445842862262e-01 7.164863474667072796e-02 8.865899179130792618e+01 3.055311079323291823e-01
1.767716930806636810e+02 1.549978445842862262e-01 7.164863474667072796e-02 8.865899179130792618e+01 3.101333101466298148e-01
1.966532468795776367e+02 1.366835838556289817e-01 7.947233438491821400e-02 9.193371534347534180e+01 2.971343815326690785e-01
2.000172638893127441e+02 1.366835838556289817e-01 7.947233438491821400e-02 9.193371534347534180e+01 2.971343815326690785e-01
1.966532468795776367e+02 1.339435136318206931e-01 7.947233438491821400e-02 9.193371534347534180e+01 2.971343815326690785e-01
1.966532468795776367e+02 1.366835838556289817e-01 6.080850869417190468e-02 9.193371534347534180e+01 2.971343815326690785e-01
1.966532468795776367e+02 1.366835838556289817e-01 7.947233438491821400e-02 8.242594480514526367e+01 2.971343815326690785e-01
1.966532468795776367e+02 1.366835838556289817e-01 7.947233438491821400e-02 9.193371534347534180e+01 2.800518014654517218e-01
1.966532468795776367e+02 1.339435136318206931e-01 6.080850869417190468e-02 8.242594480514526367e+01 2.800518014654517218e-01
2.000172638893127441e+02 1.366835838556289817e-01 6.080850869417190468e-02 8.242594480514526367e+01 2.800518014654517218e-01
2.000172638893127441e+02 1.339435136318206931e-01 7.947233438491821400e-02 8.242594480514526367e+01 2.800518014654517218e-01
2.000172638893127441e+02 1.339435136318206931e-01 6.080850869417190468e-02 9.193371534347534180e+01 2.800518014654517218e-01
2.000172638893127441e+02 1.339435136318206931e-01 6.080850869417190468e-02 8.242594480514526367e+01 2.971343815326690785e-01
2.000172638893127441e+02 1.339435136318206931e-01 6.080850869417190468e-02 8.242594480514526367e+01 2.800518014654517218e-01
1.940321040153503418e+02 1.663891386985778820e-01 6.271181017160415427e-02 8.451877295970916748e+01 2.807006911933422333e-01
1.875524568557739258e+02 1.663891386985778820e-01 6.271181017160415427e-02 8.451877295970916748e+01 2.807006911933422333e-01
1.940321040153503418e+02 1.604847669601440485e-01 6.271181017160415427e-02 8.451877295970916748e+01 2.807006911933422333e-01
1.940321040153503418e+02 1.663891386985778820e-01 6.822809755802154708e-02 8.451877295970916748e+01 2.807006911933422333e-01
1.940321040153503418e+02 1.663891386985778820e-01 6.271181017160415427e-02 7.817165762186050415e+01 2.807006911933422333e-01
1.940321040153503418e+02 1.663891386985778820e-01 6.271181017160415427e-02 8.451877295970916748e+01 2.902631521224975919e-01
1.940321040153503418e+02 1.604847669601440485e-01 6.822809755802154708e-02 7.817165762186050415e+01 2.902631521224975919e-01
1.875524568557739258e+02 1.663891386985778820e-01 6.822809755802154708e-02 7.817165762186050415e+01 2.902631521224975919e-01
1.875524568557739258e+02 1.604847669601440485e-01 6.271181017160415427e-02 7.817165762186050415e+01 2.902631521224975919e-01
1.875524568557739258e+02 1.604847669601440485e-01 6.822809755802154708e-02 8.451877295970916748e+01 2.902631521224975919e-01
1.875524568557739258e+02 1.604847669601440485e-01 6.822809755802154708e-02 7.817165762186050415e+01 2.807006911933422333e-01
1.875524568557739258e+02 1.604847669601440485e-01 6.822809755802154708e-02 7.817165762186050415e+01 2.902631521224975919e-01
1.762092983722686768e+02 1.484869682788848844e-01 7.311745882034301203e-02 8.634411215782165527e+01 3.116716408729553467e-01
1.742376828193664551e+02 1.484869682788848844e-01 7.311745882034301203e-02 8.634411215782165527e+01 3.116716408729553467e-01
1.762092983722686768e+02 1.409150803089141979e-01 7.311745882034301203e-02 8.634411215782165527e+01 3.116716408729553467e-01
1.762092983722686768e+02 1.484869682788848844e-01 7.922446370124816561e-02 8.634411215782165527e+01 3.116716408729553467e-01
1.762092983722686768e+02 1.484869682788848844e-01 7.311745882034301203e-02 9.197280645370483398e+01 3.116716408729553467e-01
1.762092983722686768e+02 1.484869682788848844e-01 7.311745882034301203e-02 8.634411215782165527e+01 3.001767373085021950e-01
1.762092983722686768e+02 1.409150803089141979e-01 7.922446370124816561e-02 9.197280645370483398e+01 3.001767373085021950e-01
1.742376828193664551e+02 1.484869682788848844e-01 7.922446370124816561e-02 9.197280645370483398e+01 3.001767373085021950e-01
1.742376828193664551e+02 1.409150803089141979e-01 7.311745882034301203e-02 9.197280645370483398e+01 3.001767373085021950e-01
1.742376828193664551e+02 1.409150803089141979e-01 7.922446370124816561e-02 8.634411215782165527e+01 3.001767373085021950e-01
1.742376828193664551e+02 1.409150803089141979e-01 7.922446370124816561e-02 9.197280645370483398e+01 3.116716408729553467e-01
1.742376828193664551e+02 1.409150803089141979e-01 7.922446370124816561e-02 9.197280645370483398e+01 3.001767373085021950e-01
1.819392633438110352e+02 1.646836185455322343e-01 7.733032107353210449e-02 8.898150324821472168e+01 3.188297986984253152e-01
1.820789694786071777e+02 1.646836185455322343e-01 7.733032107353210449e-02 8.898150324821472168e+01 3.188297986984253152e-01
1.819392633438110352e+02 1.670582079887390214e-01 7.733032107353210449e-02 8.898150324821472168e+01 3.188297986984253152e-01
1.819392633438110352e+02 1.646836185455322343e-01 6.657812356948852872e-02 8.898150324821472168e+01 3.188297986984253152e-01
1.819392633438110352e+02 1.646836185455322343e-01 7.733032107353210449e-02 7.559249535202980042e+01 3.188297986984253152e-01
1.819392633438110352e+02 1.646836185455322343e-01 7.733032107353210449e-02 8.898150324821472168e+01 2.850318360328674694e-01
1.819392633438110352e+02 1.670582079887390214e-01 6.657812356948852872e-02 7.559249535202980042e+01 2.850318360328674694e-01
1.820789694786071777e+02 1.646836185455322343e-01 6.657812356948852872e-02 7.559249535202980042e+01 2.850318360328674694e-01
1.820789694786071777e+02 1.670582079887390214e-01 7.733032107353210449e-02 7.559249535202980042e+01 2.850318360328674694e-01
1.820789694786071777e+02 1.670582079887390214e-01 6.657812356948852872e-02 8.898150324821472168e+01 2.850318360328674694e-01
1.820789694786071777e+02 1.670582079887390214e-01 6.657812356948852872e-02 7.559249535202980042e+01 3.188297986984253152e-01
1.820789694786071777e+02 1.670582079887390214e-01 6.657812356948852872e-02 7.559249535202980042e+01 2.850318360328674694e-01
1.878284668922424316e+02 1.405147552490234319e-01 6.691489398479461004e-02 8.203793585300445557e+01 2.884841454029083430e-01
1.959404659271240234e+02 1.405147552490234319e-01 6.691489398479461004e-02 8.203793585300445557e+01 2.884841454029083430e-01
1.878284668922424316e+02 1.468635952472686912e-01 6.691489398479461004e-02 8.203793585300445557e+01 2.884841454029083430e-01
1.878284668922424316e+02 1.405147552490234319e-01 7.589366555213927779e-02 8.203793585300445557e+01 2.884841454029083430e-01
1.878284668922424316e+02 1.405147552490234319e-01 6.691489398479461004e-02 9.424252033233642578e+01 2.884841454029083430e-01
1.878284668922424316e+02 1.405147552490234319e-01 6.691489398479461004e-02 8.203793585300445557e+01 3.151138973236083940e-01
1.878284668922424316e+02 1.468635952472686912e-01 7.589366555213927779e-02 9.424252033233642578e+01 3.151138973236083940e-01
1.959404659271240234e+02 1.405147552490234319e-01 7.589366555213927779e-02 9.424252033233642578e+01 3.151138973236083940e-01
1.959404659271240234e+02 1.468635952472686912e-01 6.691489398479461004e-02 9.424252033233642578e+01 3.151138973236083940e-01
1.959404659271240234e+02 1.468635952472686912e-01 7.589366555213927779e-02 8.203793585300445557e+01 3.151138973236083940e-01
1.959404659271240234e+02 1.468635952472686912e-01 7.589366555213927779e-02 9.424252033233642578e+01 2.884841454029083430e-01
1.959404659271240234e+02 1.468635952472686912e-01 7.589366555213927779e-02 9.424252033233642578e+01 3.151138973236083940e-01
2.001957416534423828e+02 1.502238726615905962e-01 7.023750901222228227e-02 9.461015701293945312e+01 2.949368858337402255e-01
1.934847331047058105e+02 1.502238726615905962e-01 7.023750901222228227e-02 9.461015701293945312e+01 2.949368858337402255e-01
2.001957416534423828e+02 1.577797770500183328e-01 7.023750901222228227e-02 9.461015701293945312e+01 2.949368858337402255e-01
2.001957416534423828e+02 1.502238726615905962e-01 7.316188216209411344e-02 9.461015701293945312e+01 2.949368858337402255e-01
2.001957416534423828e+02 1.502238726615905962e-01 7.023750901222228227e-02 8.514414668083190918e+01 2.949368858337402255e-01
2.001957416534423828e+02 1.502238726615905962e-01 7.023750901222228227e-02 9.461015701293945312e+01 3.051961684226989768e-01
2.001957416534423828e+02 1.577797770500183328e-01 7.316188216209411344e-02 8.514414668083190918e+01 3.051961684226989768e-01
1.934847331047058105e+02 1.502238726615905962e-01 7.316188216209411344e-02 8.514414668083190918e+01 3.051961684226989768e-01
1.934847331047058105e+02 1.577797770500183328e-01 7.023750901222228227e-02 8.514414668083190918e+01 3.051961684226989768e-01
1.934847331047058105e+02 1.577797770500183328e-01 7.316188216209411344e-02 9.461015701293945312e+01 3.051961684226989768e-01
1.934847331047058105e+02 1.577797770500183328e-01 7.316188216209411344e-02 8.514414668083190918e+01 2.949368858337402255e-01
1.934847331047058105e+02 1.577797770500183328e-01 7.316188216209411344e-02 8.514414668083190918e+01 3.051961684226989768e-01
1.698753908276557922e+02 1.349781450629234381e-01 6.049652360379695337e-02 7.655332416296005249e+01 3.027089071273804111e-01
1.695358842611312866e+02 1.349781450629234381e-01 6.049652360379695337e-02 7.655332416296005249e+01 3.027089071273804111e-01
1.698753908276557922e+02 1.386005246639251676e-01 6.049652360379695337e-02 7.655332416296005249e+01 3.027089071273804111e-01
1.698753908276557922e+02 1.349781450629234381e-01 6.431509971618652732e-02 7.655332416296005249e+01 3.027089071273804111e-01
1.698753908276557922e+02 1.349781450629234381e-01 6.049652360379695337e-02 8.375023841857910156e+01 3.027089071273804111e-01
1.698753908276557922e+02 1.349781450629234381e-01 6.049652360379695337e-02 7.655332416296005249e+01 2.952830982208252131e-01
1.698753908276557922e+02 1.386005246639251676e-01 6.431509971618652732e-02 8.375023841857910156e+01 2.952830982208252131e-01
1.695358842611312866e+02 1.349781450629234381e-01 6.431509971618652732e-02 8.375023841857910156e+01 2.952830982208252131e-01
1.695358842611312866e+02 1.386005246639251676e-01 6.049652360379695337e-02 8.375023841857910156e+01 2.952830982208252131e-01
1.695358842611312866e+02 1.386005246639251676e-01 6.431509971618652732e-02 7.655332416296005249e+01 2.952830982208252131e-01
1.695358842611312866e+02 1.386005246639251676e-01 6.431509971618652732e-02 8.375023841857910156e+01 3.027089071273804111e-01
1.695358842611312866e+02 1.386005246639251676e-01 6.431509971618652732e-02 8.375023841857910156e+01 2.952830982208252131e-01
1.651263519003987312e+02 1.681446504592895574e-01 7.247549891471863348e-02 8.086382389068603516e+01 2.976408243179321511e-01
1.716395747661590576e+02 1.681446504592895574e-01 7.247549891471863348e-02 8.086382389068603516e+01 2.976408243179321511e-01
1.651263519003987312e+02 1.681889867782592751e-01 7.247549891471863348e-02 8.086382389068603516e+01 2.976408243179321511e-01
1.651263519003987312e+02 1.681446504592895574e-01 6.593380451202392190e-02 8.086382389068603516e+01 2.976408243179321511e-01
1.651263519003987312e+02 1.681446504592895574e-01 7.247549891471863348e-02 7.662869125604629517e+01 2.976408243179321511e-01
1.651263519003987312e+02 1.681446504592895574e-01 7.247549891471863348e-02 8.086382389068603516e+01 3.035967993736267134e-01
1.651263519003987312e+02 1.681889867782592751e-01 6.593380451202392190e-02 7.662869125604629517e+01 3.035967993736267134e-01
1.716395747661590576e+02 1.681446504592895574e-01 6.593380451202392190e-02 7.662869125604629517e+01 3.035967993736267134e-01
1.716395747661590576e+02 1.681889867782592751e-01 7.247549891471863348e-02 7.662869125604629517e+01 3.035967993736267134e-01
1.716395747661590576e+02 1.681889867782592751e-01 6.593380451202392190e-02 8.086382389068603516e+01 3.035967993736267134e-01
1.716395747661590576e+02 1.681889867782592751e-01 6.593380451202392190e-02 7.662869125604629517e+01 2.976408243179321511e-01
1.716395747661590576e+02 1.681889867782592751e-01 6.593380451202392190e-02 7.662869125604629517e+01 3.035967993736267134e-01
2.048024773597717285e+02 1.466520929336548040e-01 6.210905298590659734e-02 8.780698180198669434e+01 3.097121620178222567e-01
1.851884150505065918e+02 1.466520929336548040e-01 6.210905298590659734e-02 8.780698180198669434e+01 3.097121620178222567e-01
2.048024773597717285e+02 1.479160618782043579e-01 6.210905298590659734e-02 8.780698180198669434e+01 3.097121620178222567e-01
2.048024773597717285e+02 1.466520929336548040e-01 7.661637425422668235e-02 8.780698180198669434e+01 3.097121620178222567e-01
2.048024773597717285e+02 1.466520929336548040e-01 6.210905298590659734e-02 9.289077281951904297e+01 3.097121620178222567e-01
2.048024773597717285e+02 1.466520929336548040e-01 6.210905298590659734e-02 8.780698180198669434e+01 2.936781585216522439e-01
2.048024773597717285e+02 1.479160618782043579e-01 7.661637425422668235e-02 9.289077281951904297e+01 2.936781585216522439e-01
1.851884150505065918e+02 1.466520929336548040e-01 7.661637425422668235e-02 9.289077281951904297e+01 2.936781585216522439e-01
1.851884150505065918e+02 1.479160618782043579e-01 6.210905298590659734e-02 9.289077281951904297e+01 2.936781585216522439e-01
1.851884150505065918e+02 1.479160618782043579e-01 7.661637425422668235e-02 8.780698180198669434e+01 2.936781585216522439e-01
1.851884150505065918e+02 1.479160618782043579e-01 7.661637425422668235e-02 9.289077281951904297e+01 3.097121620178222567e-01
1.851884150505065918e+02 1.479160618782043579e-01 7.661637425422668235e-02 9.289077281951904297e+01 2.936781585216522439e-01
1.871722364425659180e+02 1.563619160652160722e-01 7.511415123939514660e-02 7.523271862417459488e+01 3.137479114532470970e-01
2.027325725555419922e+02 1.563619160652160722e-01 7.511415123939514660e-02 7.523271862417459488e+01 3.137479114532470970e-01
1.871722364425659180e+02 1.563370513916015614e-01 7.511415123939514660e-02 7.523271862417459488e+01 3.137479114532470970e-01
1.871722364425659180e+02 1.563619160652160722e-01 7.435304522514343817e-02 7.523271862417459488e+01 3.137479114532470970e-01
1.871722364425659180e+02 1.563619160652160722e-01 7.511415123939514660e-02 8.645196795463562012e+01 3.137479114532470970e-01
1.871722364425659180e+02 1.563619160652160722e-01 7.511415123939514660e-02 7.523271862417459488e+01 2.835068929195404541e-01
1.871722364425659180e+02 1.563370513916015614e-01 7.435304522514343817e-02 8.645196795463562012e+01 2.835068929195404541e-01
2.027325725555419922e+02 1.563619160652160722e-01 7.435304522514343817e-02 8.645196795463562012e+01 2.835068929195404541e-01
2.027325725555419922e+02 1.563370513916015614e-01 7.511415123939514660e-02 8.645196795463562012e+01 2.835068929195404541e-01
2.027325725555419922e+02 1.563370513916015614e-01 7.435304522514343817e-02 7.523271862417459488e+01 2.835068929195404541e-01
2.027325725555419922e+02 1.563370513916015614e-01 7.435304522514343817e-02 8.645196795463562012e+01 3.137479114532470970e-01
2.027325725555419922e+02 1.563370513916015614e-01 7.435304522514343817e-02 8.645196795463562012e+01 2.835068929195404541e-01
1.830600714683532715e+02 1.384409511089325084e-01 6.532449066638947033e-02 9.328916072845458984e+01 2.839369237422943448e-01
1.790966761112213135e+02 1.384409511089325084e-01 6.532449066638947033e-02 9.328916072845458984e+01 2.839369237422943448e-01
1.830600714683532715e+02 1.372362637519836392e-01 6.532449066638947033e-02 9.328916072845458984e+01 2.839369237422943448e-01
1.830600714683532715e+02 1.384409511089325084e-01 6.320171594619751476e-02 9.328916072845458984e+01 2.839369237422943448e-01
1.830600714683532715e+02 1.384409511089325084e-01 6.532449066638947033e-02 8.275796890258789062e+01 2.839369237422943448e-01
1.830600714683532715e+02 1.384409511089325084e-01 6.532449066638947033e-02 9.328916072845458984e+01 3.135931491851806641e-01
1.830600714683532715e+02 1.372362637519836392e-01 6.320171594619751476e-02 8.275796890258789062e+01 3.135931491851806641e-01
1.790966761112213135e+02 1.384409511089325084e-01 6.320171594619751476e-02 8.275796890258789062e+01 3.135931491851806641e-01
1.790966761112213135e+02 1.372362637519836392e-01 6.532449066638947033e-02 8.275796890258789062e+01 3.135931491851806641e-01
1.790966761112213135e+02 1.372362637519836392e-01 6.320171594619751476e-02 9.328916072845458984e+01 3.135931491851806641e-01
1.790966761112213135e+02 1.372362637519836392e-01 6.320171594619751476e-02 8.275796890258789062e+01 2.839369237422943448e-01
1.790966761112213135e+02 1.372362637519836392e-01 6.320171594619751476e-02 8.275796890258789062e+01 3.135931491851806641e-01
1.787899887561798096e+02 1.546368789672851740e-01 6.484984964132309293e-02 9.076998949050903320e+01 2.867200821638107300e-01
1.669377627968788147e+02 1.546368789672851740e-01 6.484984964132309293e-02 9.076998949050903320e+01 2.867200821638107300e-01
1.787899887561798096e+02 1.510501360893249656e-01 6.484984964132309293e-02 9.076998949050903320e+01 2.867200821638107300e-01
1.787899887561798096e+02 1.546368789672851740e-01 7.084805846214294045e-02 9.076998949050903320e+01 2.867200821638107300e-01
1.787899887561798096e+02 1.546368789672851740e-01 6.484984964132309293e-02 8.981210827827453613e+01 2.867200821638107300e-01
1.787899887561798096e+02 1.546368789672851740e-01 6.484984964132309293e-02 9.076998949050903320e+01 2.987370240688324019e-01
1.787899887561798096e+02 1.510501360893249656e-01 7.084805846214294045e-02 8.981210827827453613e+01 2.987370240688324019e-01
1.669377627968788147e+02 1.546368789672851740e-01 7.084805846214294045e-02 8.981210827827453613e+01 2.987370240688324019e-01
1.669377627968788147e+02 1.510501360893249656e-01 6.484984964132309293e-02 8.981210827827453613e+01 2.987370240688324019e-01
1.669377627968788147e+02 1.510501360893249656e-01 7.084805846214294045e-02 9.076998949050903320e+01 2.987370240688324019e-01
1.669377627968788147e+02 1.510501360893249656e-01 7.084805846214294045e-02 8.981210827827453613e+01 2.867200821638107300e-01
1.669377627968788147e+02 1.510501360893249656e-01 7.084805846214294045e-02 8.981210827827453613e+01 2.987370240688324019e-01
1.909685707092285156e+02 1.304882528632879402e-01 7.462973833084106390e-02 7.759533822536468506e+01 3.159063649177551447e-01
1.911206865310668945e+02 1.304882528632879402e-01 7.462973833084106390e-02 7.759533822536468506e+01 3.159063649177551447e-01
1.909685707092285156e+02 1.300744289532303755e-01 7.462973833084106390e-02 7.759533822536468506e+01 3.159063649177551447e-01
1.909685707092285156e+02 1.304882528632879402e-01 6.168747857213020130e-02 7.759533822536468506e+01 3.159063649177551447e-01
1.909685707092285156e+02 1.304882528632879402e-01 7.462973833084106390e-02 8.095727741718292236e+01 3.159063649177551447e-01
1.909685707092285156e+02 1.304882528632879402e-01 7.462973833084106390e-02 7.759533822536468506e+01 3.086548066139221391e-01
1.909685707092285156e+02 1.300744289532303755e-01 6.168747857213020130e-02 8.095727741718292236e+01 3.086548066139221391e-01
1.911206865310668945e+02 1.304882528632879402e-01 6.168747857213020130e-02 8.095727741718292236e+01 3.086548066139221391e-01
1.911206865310668945e+02 1.300744289532303755e-01 7.462973833084106390e-02 8.095727741718292236e+01 3.086548066139221391e-01
1.911206865310668945e+02 1.300744289532303755e-01 6.168747857213020130e-02 7.759533822536468506e+01 3.086548066139221391e-01
1.911206865310668945e+02 1.300744289532303755e-01 6.168747857213020130e-02 8.095727741718292236e+01 3.159063649177551447e-01
1.911206865310668945e+02 1.300744289532303755e-01 6.168747857213020130e-02 8.095727741718292236e+01 3.086548066139221391e-01
1.983450198173522949e+02 1.601918816566467452e-01 6.756173014640808050e-02 8.501438021659851074e+01 3.018896651268005438e-01
1.986557602882385254e+02 1.601918816566467452e-01 6.756173014640808050e-02 8.501438021659851074e+01 3.018896651268005438e-01
1.983450198173522949e+02 1.641203379631042680e-01 6.756173014640808050e-02 8.501438021659851074e+01 3.018896651268005438e-01
1.983450198173522949e+02 1.601918816566467452e-01 6.926300227642059881e-02 8.501438021659851074e+01 3.018896651268005438e-01
1.983450198173522949e+02 1.601918816566467452e-01 6.756173014640808050e-02 7.967452436685562134e+01 3.018896651268005438e-01
1.983450198173522949e+02 1.601918816566467452e-01 6.756173014640808050e-02 8.501438021659851074e+01 3.185351228713989569e-01
1.983450198173522949e+02 1.641203379631042680e-01 6.926300227642059881e-02 7.967452436685562134e+01 3.185351228713989569e-01
1.986557602882385254e+02 1.601918816566467452e-01 6.926300227642059881e-02 7.967452436685562134e+01 3.185351228713989569e-01
1.986557602882385254e+02 1.641203379631042680e-01 6.756173014640808050e-02 7.967452436685562134e+01 3.185351228713989569e-01
1.986557602882385254e+02 1.641203379631042680e-01 6.926300227642059881e-02 8.501438021659851074e+01 3.185351228713989569e-01
1.986557602882385254e+02 1.641203379631042680e-01 6.926300227642059881e-02 7.967452436685562134e+01 3.018896651268005438e-01
1.986557602882385254e+02 1.641203379631042680e-01 6.926300227642059881e-02 7.967452436685562134e+01 3.185351228713989569e-01
1.717352902889251709e+02 1.449271261692047230e-01 7.793792963027953991e-02 8.318737268447875977e+01 2.904436230659485085e-01
1.844039475917816162e+02 1.449271261692047230e-01 7.793792963027953991e-02 8.318737268447875977e+01 2.904436230659485085e-01
1.717352902889251709e+02 1.444724845886230513e-01 7.793792963027953991e-02 8.318737268447875977e+01 2.904436230659485085e-01
1.717352902889251709e+02 1.449271261692047230e-01 7.826734185218811590e-02 8.318737268447875977e+01 2.904436230659485085e-01
1.717352902889251709e+02 1.449271261692047230e-01 7.793792963027953991e-02 9.078549146652221680e+01 2.904436230659485085e-01
1.717352902889251709e+02 1.449271261692047230e-01 7.793792963027953991e-02 8.318737268447875977e+01 2.884480464458465954e-01
1.717352902889251709e+02 1.444724845886230513e-01 7.826734185218811590e-02 9.078549146652221680e+01 2.884480464458465954e-01
1.844039475917816162e+02 1.449271261692047230e-01 7.826734185218811590e-02 9.078549146652221680e+01 2.884480464458465954e-01
1.844039475917816162e+02 1.444724845886230513e-01 7.793792963027953991e-02 9.078549146652221680e+01 2.884480464458465954e-01
1.844039475917816162e+02 1.444724845886230513e-01 7.826734185218811590e-02 8.318737268447875977e+01 2.884480464458465954e-01
1.844039475917816162e+02 1.444724845886230513e-01 7.826734185218811590e-02 9.078549146652221680e+01 2.904436230659485085e-01
1.844039475917816162e+02 1.444724845886230513e-01 7.826734185218811590e-02 9.078549146652221680e+01 2.884480464458465954e-01
1.700591808557510376e+02 1.622758221626281749e-01 6.182850956916809138e-02 9.408369898796081543e+01 3.106293392181396773e-01
1.922921395301818848e+02 1.622758221626281749e-01 6.182850956916809138e-02 9.408369898796081543e+01 3.106293392181396773e-01
1.700591808557510376e+02 1.329466548562049932e-01 6.182850956916809138e-02 9.408369898796081543e+01 3.106293392181396773e-01
1.700591808557510376e+02 1.622758221626281749e-01 6.962507486343383345e-02 9.408369898796081543e+01 3.106293392181396773e-01
1.700591808557510376e+02 1.622758221626281749e-01 6.182850956916809138e-02 9.338592410087585449e+01 3.106293392181396773e-01
1.700591808557510376e+02 1.622758221626281749e-01 6.182850956916809138e-02 9.408369898796081543e+01 3.169737124443054443e-01
1.700591808557510376e+02 1.329466548562049932e-01 6.962507486343383345e-02 9.338592410087585449e+01 3.169737124443054443e-01
1.922921395301818848e+02 1.622758221626281749e-01 6.962507486343383345e-02 9.338592410087585449e+01 3.169737124443054443e-01
1.922921395301818848e+02 1.329466548562049932e-01 6.182850956916809138e-02 9.338592410087585449e+01 3.169737124443054443e-01
1.922921395301818848e+02 1.329466548562049932e-01 6.962507486343383345e-02 9.408369898796081543e+01 3.169737124443054443e-01
1.922921395301818848e+02 1.329466548562049932e-01 6.962507486343383345e-02 9.338592410087585449e+01 3.106293392181396773e-01
1.922921395301818848e+02 1.329466548562049932e-01 6.962507486343383345e-02 9.338592410087585449e+01 3.169737124443054443e-01
1.996994519233703613e+02 1.425209414958953924e-01 7.142301321029663475e-02 7.723817065358161926e+01 2.816856619715690790e-01
1.659188941121101379e+02 1.425209414958953924e-01 7.142301321029663475e-02 7.723817065358161926e+01 2.816856619715690790e-01
1.996994519233703613e+02 1.531413030624389771e-01 7.142301321029663475e-02 7.723817065358161926e+01 2.816856619715690790e-01
1.996994519233703613e+02 1.425209414958953924e-01 7.784671425819397750e-02 7.723817065358161926e+01 2.816856619715690790e-01
1.996994519233703613e+02 1.425209414958953924e-01 7.142301321029663475e-02 7.707469955086708069e+01 2.816856619715690790e-01
1.996994519233703613e+02 1.425209414958953924e-01 7.142301321029663475e-02 7.723817065358161926e+01 2.869037234783172741e-01
1.996994519233703613e+02 1.531413030624389771e-01 7.784671425819397750e-02 7.707469955086708069e+01 2.869037234783172741e-01
1.659188941121101379e+02 1.425209414958953924e-01 7.784671425819397750e-02 7.707469955086708069e+01 2.869037234783172741e-01
1.659188941121101379e+02 1.531413030624389771e-01 7.142301321029663475e-02 7.707469955086708069e+01 2.869037234783172741e-01
1.659188941121101379e+02 1.531413030624389771e-01 7.784671425819397750e-02 7.723817065358161926e+01 2.869037234783172741e-01
1.659188941121101379e+02 1.531413030624389771e-01 7.784671425819397750e-02 7.707469955086708069e+01 2.816856619715690790e-01
1.659188941121101379e+02 1.531413030624389771e-01 7.784671425819397750e-02 7.707469955086708069e+01 2.869037234783172741e-01
1.920758247375488281e+02 1.528172922134399536e-01 6.576113164424896018e-02 8.981977701187133789e+01 2.954865705966949752e-01
1.833839344978332520e+02 1.528172922134399536e-01 6.576113164424896018e-02 8.981977701187133789e+01 2.954865705966949752e-01
1.920758247375488281e+02 1.422250497341155939e-01 6.576113164424896018e-02 8.981977701187133789e+01 2.954865705966949752e-01
1.920758247375488281e+02 1.528172922134399536e-01 7.058368086814879871e-02 8.981977701187133789e+01 2.954865705966949752e-01
1.920758247375488281e+02 1.528172922134399536e-01 6.576113164424896018e-02 8.352411866188049316e+01 2.954865705966949752e-01
1.920758247375488281e+02 1.528172922134399536e-01 6.576113164424896018e-02 8.981977701187133789e+01 2.971612298488617299e-01
1.920758247375488281e+02 1.422250497341155939e-01 7.058368086814879871e-02 8.352411866188049316e+01 2.971612298488617299e-01
1.833839344978332520e+02 1.528172922134399536e-01 7.058368086814879871e-02 8.352411866188049316e+01 2.971612298488617299e-01
1.833839344978332520e+02 1.422250497341155939e-01 6.576113164424896018e-02 8.352411866188049316e+01 2.971612298488617299e-01
1.833839344978332520e+02 1.422250497341155939e-01 7.058368086814879871e-02 8.981977701187133789e+01 2.971612298488617299e-01
1.833839344978332520e+02 1.422250497341155939e-01 7.058368086814879871e-02 8.352411866188049316e+01 2.954865705966949752e-01
1.833839344978332520e+02 1.422250497341155939e-01 7.058368086814879871e-02 8.352411866188049316e+01 2.971612298488617299e-01
1.780044054985046387e+02 1.319855546951294034e-01 7.601053953170776312e-02 8.166566729545593262e+01 3.071605682373046986e-01
1.998259162902832031e+02 1.319855546951294034e-01 7.601053953170776312e-02 8.166566729545593262e+01 3.071605682373046986e-01
1.780044054985046387e+02 1.614044189453125167e-01 7.601053953170776312e-02 8.166566729545593262e+01 3.071605682373046986e-01
1.780044054985046387e+02 1.319855546951294034e-01 6.189330101013183760e-02 8.166566729545593262e+01 3.071605682373046986e-01
1.780044054985046387e+02 1.319855546951294034e-01 7.601053953170776312e-02 8.724709987640380859e+01 3.071605682373046986e-01
1.780044054985046387e+02 1.319855546951294034e-01 7.601053953170776312e-02 8.166566729545593262e+01 3.070863342285156117e-01
1.780044054985046387e+02 1.614044189453125167e-01 6.189330101013183760e-02 8.724709987640380859e+01 3.070863342285156117e-01
1.998259162902832031e+02 1.319855546951294034e-01 6.189330101013183760e-02 8.724709987640380859e+01 3.070863342285156117e-01
1.998259162902832031e+02 1.614044189453125167e-01 7.601053953170776312e-02 8.724709987640380859e+01 3.070863342285156117e-01
1.998259162902832031e+02 1.614044189453125167e-01 6.189330101013183760e-02 8.166566729545593262e+01 3.070863342285156117e-01
1.998259162902832031e+02 1.614044189453125167e-01 6.189330101013183760e-02 8.724709987640380859e+01 3.071605682373046986e-01
1.998259162902832031e+02 1.614044189453125167e-01 6.189330101013183760e-02 8.724709987640380859e+01 3.070863342285156117e-01
1.838955342769622803e+02 1.561117768287658691e-01 7.428585410118103416e-02 8.426299452781677246e+01 3.049826407432556508e-01
1.863597917556762695e+02 1.561117768287658691e-01 7.428585410118103416e-02 8.426299452781677246e+01 3.049826407432556508e-01
1.838955342769622803e+02 1.450070607662201083e-01 7.428585410118103416e-02 8.426299452781677246e+01 3.049826407432556508e-01
1.838955342769622803e+02 1.561117768287658691e-01 7.453933596611023171e-02 8.426299452781677246e+01 3.049826407432556508e-01
1.838955342769622803e+02 1.561117768287658691e-01 7.428585410118103416e-02 8.016305327415466309e+01 3.049826407432556508e-01
1.838955342769622803e+02 1.561117768287658691e-01 7.428585410118103416e-02 8.426299452781677246e+01 2.819238129258155867e-01
1.838955342769622803e+02 1.450070607662201083e-01 7.453933596611023171e-02 8.016305327415466309e+01 2.819238129258155867e-01
1.863597917556762695e+02 1.561117768287658691e-01 7.453933596611023171e-02 8.016305327415466309e+01 2.819238129258155867e-01
1.863597917556762695e+02 1.450070607662201083e-01 7.428585410118103416e-02 8.016305327415466309e+01 2.819238129258155867e-01
1.863597917556762695e+02 1.450070607662201083e-01 7.453933596611023171e-02 8.426299452781677246e+01 2.819238129258155867e-01
1.863597917556762695e+02 1.450070607662201083e-01 7.453933596611023171e-02 8.016305327415466309e+01 3.049826407432556508e-01
1.863597917556762695e+02 1.450070607662201083e-01 7.453933596611023171e-02 8.016305327415466309e+01 2.819238129258155867e-01
1.860333681106567383e+02 1.390133345127105846e-01 6.402668654918670932e-02 8.737900257110595703e+01 2.926839375495911000e-01
1.706207829713821411e+02 1.390133345127105846e-01 6.402668654918670932e-02 8.737900257110595703e+01 2.926839375495911000e-01
1.860333681106567383e+02 1.660613512992858976e-01 6.402668654918670932e-02 8.737900257110595703e+01 2.926839375495911000e-01
1.860333681106567383e+02 1.390133345127105846e-01 6.291780740022659413e-02 8.737900257110595703e+01 2.926839375495911000e-01
1.860333681106567383e+02 1.390133345127105846e-01 6.402668654918670932e-02 8.904749631881713867e+01 2.926839375495911000e-01
1.860333681106567383e+02 1.390133345127105846e-01 6.402668654918670932e-02 8.737900257110595703e+01 3.119929814338684437e-01
1.860333681106567383e+02 1.660613512992858976e-01 6.291780740022659413e-02 8.904749631881713867e+01 3.119929814338684437e-01
1.706207829713821411e+02 1.390133345127105846e-01 6.291780740022659413e-02 8.904749631881713867e+01 3.119929814338684437e-01
1.706207829713821411e+02 1.660613512992858976e-01 6.402668654918670932e-02 8.904749631881713867e+01 3.119929814338684437e-01
1.706207829713821411e+02 1.660613512992858976e-01 6.291780740022659413e-02 8.737900257110595703e+01 3.119929814338684437e-01
1.706207829713821411e+02 1.660613512992858976e-01 6.291780740022659413e-02 8.904749631881713867e+01 2.926839375495911000e-01
1.706207829713821411e+02 1.660613512992858976e-01 6.291780740022659413e-02 8.904749631881713867e+01 3.119929814338684437e-01
2.034030508995056152e+02 1.693035316467285112e-01 7.812571644783020131e-02 7.995269358158111572e+01 2.889023751020431963e-01
1.780765867233276367e+02 1.693035316467285112e-01 7.812571644783020131e-02 7.995269358158111572e+01 2.889023751020431963e-01
2.034030508995056152e+02 1.395201689004898216e-01 7.812571644783020131e-02 7.995269358158111572e+01 2.889023751020431963e-01
2.034030508995056152e+02 1.693035316467285112e-01 6.549364626407623569e-02 7.995269358158111572e+01 2.889023751020431963e-01
2.034030508995056152e+02 1.693035316467285112e-01 7.812571644783020131e-02 9.034038662910461426e+01 2.889023751020431963e-01
2.034030508995056152e+02 1.693035316467285112e-01 7.812571644783020131e-02 7.995269358158111572e+01 3.020670843124390048e-01
2.034030508995056152e+02 1.395201689004898216e-01 6.549364626407623569e-02 9.034038662910461426e+01 3.020670843124390048e-01
1.780765867233276367e+02 1.693035316467285112e-01 6.549364626407623569e-02 9.034038662910461426e+01 3.020670843124390048e-01
1.780765867233276367e+02 1.395201689004898216e-01 7.812571644783020131e-02 9.034038662910461426e+01 3.020670843124390048e-01
1.780765867233276367e+02 1.395201689004898216e-01 6.549364626407623569e-02 7.995269358158111572e+01 3.020670843124390048e-01
1.780765867233276367e+02 1.395201689004898216e-01 6.549364626407623569e-02 9.034038662910461426e+01 2.889023751020431963e-01
1.780765867233276367e+02 1.395201689004898216e-01 6.549364626407623569e-02 9.034038662910461426e+01 3.020670843124390048e-01
1.668291766941547394e+02 1.458154964447021529e-01 6.854099035263061523e-02 9.183822989463806152e+01 3.184713482856750266e-01
2.039028048515319824e+02 1.458154964447021529e-01 6.854099035263061523e-02 9.183822989463806152e+01 3.184713482856750266e-01
1.668291766941547394e+02 1.590897440910339355e-01 6.854099035263061523e-02 9.183822989463806152e+01 3.184713482856750266e-01
1.668291766941547394e+02 1.458154964447021529e-01 7.695891499519348644e-02 9.183822989463806152e+01 3.184713482856750266e-01
1.668291766941547394e+02 1.458154964447021529e-01 6.854099035263061523e-02 7.918090611696243286e+01 3.184713482856750266e-01
1.668291766941547394e+02 1.458154964447021529e-01 6.854099035263061523e-02 9.183822989463806152e+01 2.921411216259002797e-01
1.668291766941547394e+02 1.590897440910339355e-01 7.695891499519348644e-02 7.918090611696243286e+01 2.921411216259002797e-01
2.039028048515319824e+02 1.458154964447021529e-01 7.695891499519348644e-02 7.918090611696243286e+01 2.921411216259002797e-01
2.039028048515319824e+02 1.590897440910339355e-01 6.854099035263061523e-02 7.918090611696243286e+01 2.921411216259002797e-01
2.039028048515319824e+02 1.590897440910339355e-01 7.695891499519348644e-02 9.183822989463806152e+01 2.921411216259002797e-01
2.039028048515319824e+02 1.590897440910339355e-01 7.695891499519348644e-02 7.918090611696243286e+01 3.184713482856750266e-01
2.039028048515319824e+02 1.590897440910339355e-01 7.695891499519348644e-02 7.918090611696243286e+01 2.921411216259002797e-01
1.681690806150436401e+02 1.523072028160095404e-01 7.911366820335388739e-02 8.620390892028808594e+01 2.836764794588089167e-01
1.974240374565124512e+02 1.523072028160095404e-01 7.911366820335388739e-02 8.620390892028808594e+01 2.836764794588089167e-01
1.681690806150436401e+02 1.489547276496887285e-01 7.911366820335388739e-02 8.620390892028808594e+01 2.836764794588089167e-01
1.681690806150436401e+02 1.523072028160095404e-01 7.295735716819763683e-02 8.620390892028808594e+01 2.836764794588089167e-01
1.681690806150436401e+02 1.523072028160095404e-01 7.911366820335388739e-02 8.135614812374114990e+01 2.836764794588089167e-01
1.681690806150436401e+02 1.523072028160095404e-01 7.911366820335388739e-02 8.620390892028808594e+01 3.092963743209838912e-01
1.681690806150436401e+02 1.489547276496887285e-01 7.295735716819763683e-02 8.135614812374114990e+01 3.092963743209838912e-01
1.974240374565124512e+02 1.523072028160095404e-01 7.295735716819763683e-02 8.135614812374114990e+01 3.092963743209838912e-01
1.974240374565124512e+02 1.489547276496887285e-01 7.911366820335388739e-02 8.135614812374114990e+01 3.092963743209838912e-01
1.974240374565124512e+02 1.489547276496887285e-01 7.295735716819763683e-02 8.620390892028808594e+01 3.092963743209838912e-01
1.974240374565124512e+02 1.489547276496887285e-01 7.295735716819763683e-02 8.135614812374114990e+01 2.836764794588089167e-01
1.974240374565124512e+02 1.489547276496887285e-01 7.295735716819763683e-02 8.135614812374114990e+01 3.092963743209838912e-01
2.015987300872802734e+02 1.325725668668746859e-01 6.890348196029663641e-02 8.308945477008819580e+01 3.139510178565979026e-01
1.807479822635650635e+02 1.325725668668746859e-01 6.890348196029663641e-02 8.308945477008819580e+01 3.139510178565979026e-01
2.015987300872802734e+02 1.699304771423340021e-01 6.890348196029663641e-02 8.308945477008819580e+01 3.139510178565979026e-01
2.015987300872802734e+02 1.325725668668746859e-01 6.457818001508712491e-02 8.308945477008819580e+01 3.139510178565979026e-01
2.015987300872802734e+02 1.325725668668746859e-01 6.890348196029663641e-02 8.754007101058959961e+01 3.139510178565979026e-01
2.015987300872802734e+02 1.325725668668746859e-01 6.890348196029663641e-02 8.308945477008819580e+01 2.993662142753601429e-01
2.015987300872802734e+02 1.699304771423340021e-01 6.457818001508712491e-02 8.754007101058959961e+01 2.993662142753601429e-01
1.807479822635650635e+02 1.325725668668746859e-01 6.457818001508712491e-02 8.754007101058959961e+01 2.993662142753601429e-01
1.807479822635650635e+02 1.699304771423340021e-01 6.890348196029663641e-02 8.754007101058959961e+01 2.993662142753601429e-01
1.807479822635650635e+02 1.699304771423340021e-01 6.457818001508712491e-02 8.308945477008819580e+01 2.993662142753601429e-01
1.807479822635650635e+02 1.699304771423340021e-01 6.457818001508712491e-02 8.754007101058959961e+01 3.139510178565979026e-01
1.807479822635650635e+02 1.699304771423340021e-01 6.457818001508712491e-02 8.754007101058959961e+01 2.993662142753601429e-01
1.889659285545349121e+02 1.628634309768676736e-01 7.331972241401672752e-02 9.051666140556335449e+01 3.075962138175964422e-01
1.682036006450653076e+02 1.628634309768676736e-01 7.331972241401672752e-02 9.051666140556335449e+01 3.075962138175964422e-01
1.889659285545349121e+02 1.358844876289367620e-01 7.331972241401672752e-02 9.051666140556335449e+01 3.075962138175964422e-01
1.889659285545349121e+02 1.628634309768676736e-01 6.699745357036590576e-02 9.051666140556335449e+01 3.075962138175964422e-01
1.889659285545349121e+02 1.628634309768676736e-01 7.331972241401672752e-02 9.180388569831848145e+01 3.075962138175964422e-01
1.889659285545349121e+02 1.628634309768676736e-01 7.331972241401672752e-02 9.051666140556335449e+01 2.890688371658325373e-01
1.889659285545349121e+02 1.358844876289367620e-01 6.699745357036590576e-02 9.180388569831848145e+01 2.890688371658325373e-01
1.682036006450653076e+02 1.628634309768676736e-01 6.699745357036590576e-02 9.180388569831848145e+01 2.890688371658325373e-01
1.682036006450653076e+02 1.358844876289367620e-01 7.331972241401672752e-02 9.180388569831848145e+01 2.890688371658325373e-01
1.682036006450653076e+02 1.358844876289367620e-01 6.699745357036590576e-02 9.051666140556335449e+01 2.890688371658325373e-01
1.682036006450653076e+02 1.358844876289367620e-01 6.699745357036590576e-02 9.180388569831848145e+01 3.075962138175964422e-01
1.682036006450653076e+02 1.358844876289367620e-01 6.699745357036590576e-02 9.180388569831848145e+01 2.890688371658325373e-01
1.811051309108734131e+02 1.420126581192016624e-01 6.368632137775420698e-02 7.863266021013259888e+01 2.997384285926819047e-01
1.949671602249145508e+02 1.420126581192016624e-01 6.368632137775420698e-02 7.863266021013259888e+01 2.997384285926819047e-01
1.811051309108734131e+02 1.555324506759643566e-01 6.368632137775420698e-02 7.863266021013259888e+01 2.997384285926819047e-01
1.811051309108734131e+02 1.420126581192016624e-01 7.553289055824280451e-02 7.863266021013259888e+01 2.997384285926819047e-01
1.811051309108734131e+02 1.420126581192016624e-01 6.368632137775420698e-02 7.803173810243606567e+01 2.997384285926819047e-01
1.811051309108734131e+02 1.420126581192016624e-01 6.368632137775420698e-02 7.863266021013259888e+01 3.191435742378234686e-01
1.811051309108734131e+02 1.555324506759643566e-01 7.553289055824280451e-02 7.803173810243606567e+01 3.191435742378234686e-01
1.949671602249145508e+02 1.420126581192016624e-01 7.553289055824280451e-02 7.803173810243606567e+01 3.191435742378234686e-01
1.949671602249145508e+02 1.555324506759643566e-01 6.368632137775420698e-02 7.803173810243606567e+01 3.191435742378234686e-01
1.949671602249145508e+02 1.555324506759643566e-01 7.553289055824280451e-02 7.863266021013259888e+01 3.191435742378234686e-01
1.949671602249145508e+02 1.555324506759643566e-01 7.553289055824280451e-02 7.803173810243606567e+01 2.997384285926819047e-01
1.949671602249145508e+02 1.555324506759643566e-01 7.553289055824280451e-02 7.803173810243606567e+01 3.191435742378234686e-01
1.769963073730468750e+02 1.661383891105651933e-01 6.664913237094878540e-02 7.607344366610050201e+01 2.919354999065399414e-01
2.015009117126464844e+02 1.661383891105651933e-01 6.664913237094878540e-02 7.607344366610050201e+01 2.919354999065399414e-01
1.769963073730468750e+02 1.318159106373786860e-01 6.664913237094878540e-02 7.607344366610050201e+01 2.919354999065399414e-01
1.769963073730468750e+02 1.661383891105651933e-01 6.788685321807860773e-02 7.607344366610050201e+01 2.919354999065399414e-01
1.769963073730468750e+02 1.661383891105651933e-01 6.664913237094878540e-02 9.438336253166198730e+01 2.919354999065399414e-01
1.769963073730468750e+02 1.661383891105651933e-01 6.664913237094878540e-02 7.607344366610050201e+01 2.943075108528137585e-01
1.769963073730468750e+02 1.318159106373786860e-01 6.788685321807860773e-02 9.438336253166198730e+01 2.943075108528137585e-01
2.015009117126464844e+02 1.661383891105651933e-01 6.788685321807860773e-02 9.438336253166198730e+01 2.943075108528137585e-01
2.015009117126464844e+02 1.318159106373786860e-01 6.664913237094878540e-02 9.438336253166198730e+01 2.943075108528137585e-01
2.015009117126464844e+02 1.318159106373786860e-01 6.788685321807860773e-02 7.607344366610050201e+01 2.943075108528137585e-01
2.015009117126464844e+02 1.318159106373786860e-01 6.788685321807860773e-02 9.438336253166198730e+01 2.919354999065399414e-01
2.015009117126464844e+02 1.318159106373786860e-01 6.788685321807860773e-02 9.438336253166198730e+01 2.943075108528137585e-01
1.929235005378723145e+02 1.490599668025970603e-01 7.627278089523314986e-02 9.291932463645935059e+01 3.004185819625854736e-01
1.754406297206878662e+02 1.490599668025970603e-01 7.627278089523314986e-02 9.291932463645935059e+01 3.004185819625854736e-01
1.929235005378723145e+02 1.520888018608093362e-01 7.627278089523314986e-02 9.291932463645935059e+01 3.004185819625854736e-01
1.929235005378723145e+02 1.490599668025970603e-01 7.966332554817200096e-02 9.291932463645935059e+01 3.004185819625854736e-01
1.929235005378723145e+02 1.490599668025970603e-01 7.627278089523314986e-02 7.576293028891086578e+01 3.004185819625854736e-01
1.929235005378723145e+02 1.490599668025970603e-01 7.627278089523314986e-02 9.291932463645935059e+01 3.042381858825683461e-01
1.929235005378723145e+02 1.520888018608093362e-01 7.966332554817200096e-02 7.576293028891086578e+01 3.042381858825683461e-01
1.754406297206878662e+02 1.490599668025970603e-01 7.966332554817200096e-02 7.576293028891086578e+01 3.042381858825683461e-01
1.754406297206878662e+02 1.520888018608093362e-01 7.627278089523314986e-02 7.576293028891086578e+01 3.042381858825683461e-01
1.754406297206878662e+02 1.520888018608093362e-01 7.966332554817200096e-02 9.291932463645935059e+01 3.042381858825683461e-01
1.754406297206878662e+02 1.520888018608093362e-01 7.966332554817200096e-02 7.576293028891086578e+01 3.004185819625854736e-01
1.754406297206878662e+02 1.520888018608093362e-01 7.966332554817200096e-02 7.576293028891086578e+01 3.042381858825683461e-01
1.953022813796997070e+02 1.593544292449951272e-01 6.091868765652179440e-02 8.033491551876068115e+01 3.167927312850952193e-01
1.729054743051528931e+02 1.593544292449951272e-01 6.091868765652179440e-02 8.033491551876068115e+01 3.167927312850952193e-01
1.953022813796997070e+02 1.436678934097290194e-01 6.091868765652179440e-02 8.033491551876068115e+01 3.167927312850952193e-01
1.953022813796997070e+02 1.593544292449951272e-01 7.193124651908874845e-02 8.033491551876068115e+01 3.167927312850952193e-01
1.953022813796997070e+02 1.593544292449951272e-01 6.091868765652179440e-02 8.487008690834045410e+01 3.167927312850952193e-01
1.953022813796997070e+02 1.593544292449951272e-01 6.091868765652179440e-02 8.033491551876068115e+01 3.142017436027527144e-01
1.953022813796997070e+02 1.436678934097290194e-01 7.193124651908874845e-02 8.487008690834045410e+01 3.142017436027527144e-01
1.729054743051528931e+02 1.593544292449951272e-01 7.193124651908874845e-02 8.487008690834045410e+01 3.142017436027527144e-01
1.729054743051528931e+02 1.436678934097290194e-01 6.091868765652179440e-02 8.487008690834045410e+01 3.142017436027527144e-01
1.729054743051528931e+02 1.436678934097290194e-01 7.193124651908874845e-02 8.033491551876068115e+01 3.142017436027527144e-01
1.729054743051528931e+02 1.436678934097290194e-01 7.193124651908874845e-02 8.487008690834045410e+01 3.167927312850952193e-01
1.729054743051528931e+02 1.436678934097290194e-01 7.193124651908874845e-02 8.487008690834045410e+01 3.142017436027527144e-01
1.749390476942062378e+02 1.358476060628890925e-01 7.113864660263061190e-02 8.848939657211303711e+01 2.858934879302978960e-01
1.890348076820373535e+02 1.358476060628890925e-01 7.113864660263061190e-02 8.848939657211303711e+01 2.858934879302978960e-01
1.749390476942062378e+02 1.627685618400573908e-01 7.113864660263061190e-02 8.848939657211303711e+01 2.858934879302978960e-01
1.749390476942062378e+02 1.358476060628890925e-01 6.062351472675800435e-02 8.848939657211303711e+01 2.858934879302978960e-01
1.749390476942062378e+02 1.358476060628890925e-01 7.113864660263061190e-02 8.621546268463134766e+01 2.858934879302978960e-01
1.749390476942062378e+02 1.358476060628890925e-01 7.113864660263061190e-02 8.848939657211303711e+01 2.841275596618652588e-01
1.749390476942062378e+02 1.627685618400573908e-01 6.062351472675800435e-02 8.621546268463134766e+01 2.841275596618652588e-01
1.890348076820373535e+02 1.358476060628890925e-01 6.062351472675800435e-02 8.621546268463134766e+01 2.841275596618652588e-01
1.890348076820373535e+02 1.627685618400573908e-01 7.113864660263061190e-02 8.621546268463134766e+01 2.841275596618652588e-01
1.890348076820373535e+02 1.627685618400573908e-01 6.062351472675800435e-02 8.848939657211303711e+01 2.841275596618652588e-01
1.890348076820373535e+02 1.627685618400573908e-01 6.062351472675800435e-02 8.621546268463134766e+01 2.858934879302978960e-01
1.890348076820373535e+02 1.627685618400573908e-01 6.062351472675800435e-02 8.621546268463134766e+01 2.841275596618652588e-01
